1874715183
1874973999
1875369691
1875370747
1875388705
1875388706
1875408183
1875408184
1875890502
1875898085
1875908255
1876353356
1876358932
1876360129
1876411682
1876437888
1876471251
1876497489
1876511829
1876547986
1877109359
1877110841
1877125331
1877125333
1877154116
1877159172
1877236224
1877264486
1877478423
1877484328
1877955102
1877977337
1878000069
1878153509
1878216445
1878280627
1878310162
1878398359
1878474391
1879672413
1879789995
1879798250
1879953378
1880655213
1880692290
1880845860
1880850725
1880850726
1882326922
1882331355
1882672255
1883931476
1883971851
1884088692
1884144823
1884215871
1884555504
1885385149
1886277188
1886322153
1887204481
1887322113
1887523919
1887524966
1887760902
1887779076
1887813703
1887837621
1887966484
1888400871
1888476678
1888624658
1888750618
1888758391
1888822205
1888916731
1888992292
1888999716
1889013689
1889050260
1889148139
1889185537
1889696168
1889764011
1889787707
1889791815
1889805947
1889849802
1889882512
1889896100
1889938887
1889943857
1889943858
1889943859
1890725887
1890752494
1890774612
1890813323
1890843490
1890865077
1891171032
1891642538
1891676004
1891687968
1891698058
1891710185
1891718405
1891722309
1891730465
1891945353
1891994605
1891994606
1892014304
1892021917
1892021918
1892162418
1892371333
1892373100
1892373101
1892405669
1892779907
1892806117
1892857731
1892926342
1892956718
1892965934
1895809018
1895924083
1895938203
1896073540
1896357983
1896398773
1896503921
1896548578
1896569500
1896639305
1897324379
1897442541
1914420455
1914440832
1922014711
1922024975
1922024976
1922024977
1922024978
1924441791
1924445934
1924445935
1924530979
1924551422
1924586698
1924601999
1924602000
1924602001
1924602002
1927109989
1927110630
1927111309
1927464361
1927481463
1927495937
1934800450
1934842528
1934842529
1934842530
1934844162
1935413372
1935415629
1935415630
1935415631
1936420749
1936511788
1936521871
1936521872
1936539967
1936618129
1936681229
1936690094
1943960595
1943962124
1943990939
1950062182
1958281174
1958397855
1958397856
1958434357
1958434358
1958448681
1958448682
1958543989
1958547098
1958547099
1958697739
1958697740
1958697741
1958697742
1958748472
1958748473
1958748476
1958748477
1958829197
1958829199
1958829200
1958894944
1958894945
1958948576
1958948577
1958948578
1960964375
1960980212
1960980213
1960980214
1961022993
1961024640
1961037501
1961047413
1961047414
1961047415
1961070648
1961077812
1961077819
1961080636
1961080645
1961080646
1961080647
1961119952
1961119953
1961119954
1961119956
1961134201
1961137319
1961137320
1961137321
1961165249
1961166409
1961167301
1961183501
1961185730
1961260862
1961265781
1961265782
1961265783
1961314934
1961317304
1961317305
1961317306
2025400474
2025482036
2025498250
2025510773
2025516186
2025516596
2025789952
2025826033
2025889958
2025896560
2025896627
2025907927
2025912952
2025915303
2025919689
2025938271
2025938272
2025938273
2025939415
2025939416
2025939417
2025943715
2025943717
2025943719
2025947373
2025947374
2025947375
2025949692
2025949693
2025949694
2025950078
2025950079
2025950080
2025961383
2025961384
2025961385
2026392434
2026392435
2026392436
2026392437
2026392438
2026396154
2026396155
2026396156
2026396157
2026396158
2026396460
2026396461
2026396462
2026396463
2026396464
2026398115
2026398305
2026398306
2026398308
2026398309
2026401803
2026401804
2026401805
2026401806
2026401807
2026402939
2026402940
2026402941
2026402942
2026402943
2026412125
2026412420
2026412705
2026412771
2026508216
2026580597
2026589491
2027732903
2027738693
2027738694
2027738941
2028554784
2028699725
2028714840
2028719291
2028731954
2030092945
2030100511
2030103310
2030128704
2030136542
2030137440
2030138670
2030140590
2030146097
2030155002
2030155228
2030155855
2030163819
2030165049
2030171214
2030172768
2030469771
2030470804
2030481608
2030727729
2030736961
2030736962
2030736963
2031081134
2031094154
2031094155
2031094156
2031140259
2031159136
2031159137
2031159138
2031811399
2031814168
2031814170
2031905744
2031914729
2031914730
2031914731
2031985298
2032000962
2032000963
2032031263
2032037014
2032037015
2032037016
2033067180
2033122300
2033122301
2033159738
2033293489
2033308980
2033940406
2033974538
2033975281
2034019318
2034960827
2035016384
2035023197
2035028767
2035044257
2035290291
2035297762
2035299891
2038453791
2039112963
2039383799
2039557624
2039563256
2039565238
2040175385
2040198873
2040512382
2040524289
2041376644
2041522877
2041537693
2041543186
2042660964
2042687133
2042693145
2042711971
2042730915
2042742230
2043653208
2043656161
2043658105
2043666894
2043679387
2043841840
2043964563
2043964564
2050938231
2050941608
2050943567
2050949842
2050955715
2050957451
2050959129
2050960871
2050964330
2050970528
2051043079
2051047689
2051049597
2051051382
2051056587
2051058254
2051076318
2051077039
2051078926
2051080044
2051084124
2051084856
2051085712
2051087948
2051088212
2051088541
2051089164
2051091176
2051094102
2051095666
2051095792
2051096240
2051131861
2051135721
2051140847
2051142325
2051144871
2051146726
2051157003
2051157190
2051157591
2051157630
2051157744
2051158603
2051159751
2051159785
2051159820
2056501194